22
73
74
88
119
120
132
133
143
147
158
166
169
174
178
181
182
185
190
207
217
226
228
231
234
236
238
239
242
244
248
252
262
303
316
358
413
429
436
438
442
443
469
531
537
542
596
603
606
610
616
627
628
667
675
693
695
699
703
705
710
719
752
753
789
819
833
838
840
842
843
844
859
892
893
894
924
928
930
935
962
975
977
979
980
982
983
984
987
991
992
993
997
999
1001
1002
1003
1005
1007
1008
1012
1013
1014
1015
1017
1019
1020
1021
1022
1026
1035
1046
1047
1048
1050
1058
1067
1068
1073
1076
1119
1128
1129
1132
1141
1149
1171
1172
1221
1237
1238
1240
1241
1242
1254
1279
1286
1291
1293
1302
1307
1308
1311
1325
1327
1330
1332
1339
1342
1343
1346
1349
1351
1356
1358
1361
1363
1364
1370
1372
1376
1379
1380
1384
1389
1396
1407
1431
1436
1442
1445
1447
1450
1479
1496
1498
1514
1528
1530
1535
1536
1570
1600
1605
1607
1611
1634
1636
1638
1639
1647
1649
1652
1656
1657
1658
1660
1663
1672
1674
1679
1680
1681
1688
1691
1696
1699
1700
1705
1713
1714
1718
1724
1727
1730
1731
1734
1741
1743
1752
1755
1756
1757
1759
1761
1762
1763
1827
1829
1831
1836
1840
1849
1850
1851
1854
1857
1883
1901
1907
1927
1930
1961
2027
2029
2038
2044
2055
2062
2066
2067
2071
2081
2082
2085
2089
2090
2125
2126
2138
2142
2146
2176
2195
2206
2209
2210
2212
2225
2227
2237
2242
2260
2266
2280
2291
2292
2293
2324
2325
2410
2411
2412
2426
2436
2439
2441
2443
2446
2449
2453
2488
2492
2535
2581
2597
2600
2601
2602
2624
2627
2632
2637
2646
2651
2660
2661
2663
2669
2672
2674
2676
2677
2679
2689
2691
2693
2696
2697
2701
2703
2704
2709
2715
2719
2722
2723
2744
2746
2747
2752
2771
2773
2775
2782
2819
2841
2843
2850
2851
2875
2887
2894
2899
2901
2922
2937
2949
2951
2952
2955
2957
2959
2961
2963
2970
2986
2988
2989
2990
2991
2993
2995
3036
3046
3047
3048
3059
3114
3119
3146
3216
3240
3258
3264
3278
3289
3291
3298
3311
3312
3314
3317
3319
3341
3355
3356
3369
3388
3389
3417
3419
3420
3428
3431
3433
3435
3445
3466
3468
3489
3543
3545
3546
3548
3555
3560
3564
3565
3567
3570
3572
3574
3576
3577
3578
3580
3582
3584
3669
3670
3671
3674
3677
3679
3684
3703
3709
3713
3730
3738
3739
3741
3744
3758
3763
3766
3768
3782
3783
3796
3819
3820
3821
3824
3834
3845
3847
3852
3853
3855
3857
3861
3863
3866
3878
3881
3883
3925
3928
3930
3933
3934
3936
3938
3939
3946
3951
3953
3954
3962
3964
3967
3984
3985
3988
4000
4005
4011
4018
4024
4026
4030
4105
4107
4108
4115
4117
4122
4123
4126
4127
4128
4139
4141
4146
4153
4157
4158
4159
4161
4182
4188
4190
4193
4195
4230
4259
4262
4263
4267
4268
4273
4274
4280
4328
4330
4333
4338
4356
4373
4378
4384
4386
4388
4391
4400
4493
4499
4502
4547
4548
4550
4569
4582
4585
4587
4588
4590
4610
4611
4612
4640
4641
4645
4669
4671
4672
4689
4719
4720
4736
4755
4757
4762
4763
4765
4766
4768
4770
4771
4774
4776
4777
4780
4782
4783
4784
4818
4825
4826
4827
4828
4829
4832
4835
4838
4846
4847
4848
4852
4853
4856
4857
4858
4860
4861
4863
4864
4865
4875
4876
4879
4881
4882
4885
4887
4892
4893
4894
4902
4903
4908
4912
4914
4918
4920
4937
4939
4940
4941
4943
4944
4946
4947
4948
4950
4977
4980
4982
4985
4994
5000
5001
5005
5009
5012
5015
5017
5020
5023
5031
5063
5065
5068
5086
5092
5099
5101
5103
5107
5112
5116
5180
5198
5200
5207
5231
5242
5260
5263
5264
5266
5270
5273
5277
5288
5298
5304
5307
5308
5311
5317
5323
5324
5330
5333
5357
5358
5360
5365
5391
5396
5397
5398
5412
5418
5436
5438
5440
5442
5454
5460
5472
5480
5487
5488
5500
5518
5525
5526
5527
5529
5533
5534
5536
5537
5538
5539
5543
5554
5556
5558
5569
5574
5575
5578
5580
5582
5586
5590
5601
5602
5604
5611
5619
5623
5628
5632
5645
5650
5658
5677
5711
5713
5716
5735
5761
5795
5796
5811
5824
5857
5862
5863
5902
5903
5906
5914
5916
5955
5958
5960
5962
5964
5966
5969
6028
6043
6045
6047
6048
6049
6050
6052
6053
6054
6057
6058
6061
6067
6068
6069
6070
6081
6086
6090
6120
6125
6127
6134
6136
6138
6142
6143
6158
6174
6195
6199
6202
6203
6210
6212
6217
6224
6260
6264
6265
6268
6291
6292
6301
6302
6306
6311
6322
6334
6335
6337
6342
6344
6347
6348
6349
6353
6354
6356
6358
6360
6361
6363
6364
6370
6371
6372
6375
6389
6390
6392
6394
6401
6407
6409
6410
6411
6413
6427
6446
6447
6450
6451
6452
6454
6455
6456
6457
6458
6459
6461
6462
6464
6530
6540
6572
6573
6574
6576
6577
6578
6587
6594
6598
6599
6613
6631
6632
6675
6676
6684
6745
6771
6773
6774
6776
6777
6779
6782
6811
6824
6827
6831
6851
6855
6857
6862
6881
6892
6904
6905
6909
6920
6921
6925
6933
6953
6955
6960
6969
6983
7019
7029
7030
7034
7035
7036
7037
7038
7041
7049
7052
7055
7057
7061
7070
7072
7073
7091
7150
7157
7159
7162
7164
7171
7173
7179
7180
7181
7183
7187
7191
7193
7196
7199
7202
7209
7210
7214
7216
7218
7219
7223
7224
7226
7227
7232
7233
7240
7241
7242
7244
7245
7252
7254
7255
7256
7258
7260
7263
7264
7266
7267
7268
7269
7290
7291
7294
7295
7296
7297
7298
7299
7300
7303
7304
7305
7307
7309
7310
7314
7315
7317
7318
7319
7320
7325
7353
7357
7359
7360
7364
7365
7366
7367
7373
7375
7377
7380
7381
7382
7386
7389
7390
7396
7397
7402
7405
7413
7416
7424
7454
7487
7488
7492
7495
7503
7547
7583
7630
7633
7646
7647
7654
7658
7661
7663
7664
7669
7676
7679
7681
7682
7756
7797
7806
7856
7943
8072
8089
8099
8115
8116
8145
8146
8148
8149
8150
8151
8154
8157
8158
8159
8161
8162
8163
8173
8174
8175
8176
8177
8179
8185
8267
8271
8292
8293
8295
8297
8312
8315
8319
8330
8333
8341
8380
8390
8403
8451
8501
8528
8534
8535
8537
8544
8547
8548
8550
8551
8553
8554
8557
8598
8600
8601
8603
8610
8976
8993
8994
8995
8997
8999
9002
9004
9014
9021
9023
9024
9029
9032
9033
9089
9095
9097
9098
9107
9110
9111
9117
9120
9132
9135
9149
9150
9175
9183
9187
9239
9241
9246
9253
9265
9285
9295
9313
9321
9325
9326
9331
9332
9365
9366
9371
9372
9373
9375
9376
9378
9380
9381
9383
9386
9398
9401
9402
9414
9443
9450
9458
9462
9465
9470
9475
9476
9487
9494
9495
9499
9500
9506
9513
9521
9525
9527
9528
9530
9542
9544
9552
9553
9555
9563
9566
9568
9628
9639
9641
9642
9643
9647
9648
9656
9659
9678
9681
9700
9702
9703
9704
9709
9711
9713
9723
9724
9725
9728
9729
9731
9776
9797
9823
9872
9887
9888
9891
9893
9897
9900
9901
9904
9908
9909
9919
9921
9926
10016
10017
10053
10055
10056
10058
10060
10061
10063
10073
10074
10075
10087
10127
10130
10132
10133
10134
10241
10244
10247
10248
10294
10295
10298
10299
10300
10301
10302
10307
10312
10313
10322
10326
10331
10334
10335
10336
10338
10342
10354
10398
10400
10413
10414
10416
10417
10418
10423
10427
10428
10432
10433
10438
10460
10462
10466
10469
10476
10477
10484
10500
10502
10511
10517
10519
10520
10531
10534
10573
10582
10583
10608
10609
10612
10613
10619
10620
10622
10625
10630
10632
10633
10635
10703
10713
10714
10745
10746
10753
10755
10764
10771
10777
10778
10784
10786
10787
10798
10802
10808
10824
10826
10830
10854
10856
10862
10870
10882
10890
10893
10896
10912
10916
10928
10936
10941
10946
10954
10962
10963
10966
10968
10970
10971
10973
10974
10976
10978
10981
10985
10987
10992
10993
10994
10995
10996
11000
11002
11010
11022
11028
11037
11043
11079
11081
11082
11084
11085
11086
11087
11088
11090
11094
11100
11111
11117
11120
11142
11143
11159
11163
11176
11177
11182
11188
11196
11202
11214
11251
11265
11288
11289
11290
11291
11293
11294
11299
11303
11305
11306
11307
11311
11320
11354
11359
11361
11375
11376
11377
11385
11388
11389
11390
11394
11395
11401
11408
11430
11431
11433
11438
11439
11441
11445
11447
11450
11453
11456
11457
11461
11462
11463
11470
11471
11486
11491
11499
11500
11505
11507
11510
11512
11515
11516
11519
11520
11525
11531
11532
11538
11540
11545
11601
11616
11625
11631
11632
11640
11651
11654
11655
11658
11666
11667
11677
11682
11689
11690
11696
11697
11708
11763
11765
11766
11842
11869
11870
11875
11879
11882
11892
11894
11896
11897
11903
11926
11931
11936
11937
11945
11949
11953
11963
11965
11973
11977
11978
11986
11992
11995
11999
12000
12003
12012
12017
12029
12033
12046
12047
12057
12061
12070
12071
12080
12085
12087
12089
12090
12093
12095
12102
12104
12105
12110
12127
12136
12138
12143
12145
12162
12170
12173
12174
12175
12190
12201
12202
12209
12218
12220
12222
12229
12261
12264
12318
12357
12359
12361
12362
12365
12366
12367
12369
12370
12371
12372
12380
12381
12382
12389
12390
12394
12401
12402
12406
12408
12412
12415
12416
12419
12431
12436
12441
12444
12446
12450
12453
12454
12462
12468
12469
12471
12475
12477
12478
12479
12486
12492
12498
12524
12536
12539
12543
12546
12547
12549
12555
12558
12560
12562
12578
12579
12581
12594
12595
12597
12604
12605
12608
12609
12611
12629
12630
12633
12635
12644
12647
12653
12678
12727
12730
12733
12739
12742
12747
12752
12754
12760
12766
12771
12774
12780
12788
12793
12794
12799
12801
12811
12827
12834
12836
12845
12864
12866
12877
12896
12914
12921
12925
12930
12932
12952
12959
12966
12978
12981
12991
13000
13019
13025
13029
13035
13039
13042
13088
13092
13094
13106
13108
13133
13153
13169
13349
13373
13435
13502
13513
13533
13535
13537
13540
13545
13551
13553
13568
13577
13579
13589
13615
13637
13656
13666
13677
13681
13705
13706
13711
13716
13725
13732
13736
13745
13750
13774
13777
13793
13799
13806
13808
13815
13830
13834
13837
13846
13848
13851
13905
13923
13938
13939
13942
14004
14013
14016
14017
14022
14023
14024
14048
14051
14052
14054
14071
14074
14075
14079
14083
14137
14140
14145
14147
14150
14155
14180
14184
14206
14223
14226
14227
14228
14229
14231
14233
14234
14326
14330
14334
14335
14336
14377
14378
14390
14391
14393
14396
14399
14420
14425
14426
14427
14428
14430
14433
14434
14435
14452
14475
14477
14484
14485
14488
14489
14505
14506
14507
14509
14511
14515
14519
14522
14527
14530
14537
14542
14543
14549
14551
14552
14556
14557
14559
14564
14565
14568
14585
14594
14595
14603
14614
14616
14617
14618
14621
14622
14627
14629
14645
14648
14659
14664
14666
14671
14674
14681
14682
14683
14687
14694
14695
14697
14808
14809
14810
14855
14864
14878
14889
14900
14913
14919
14920
14921
14933
14948
14958
14960
14967
14971
14974
14976
14978
14980
14988
14990
14993
14994
15000
15005
15059
15063
15064
15065
15066
15067
15068
15069
15072
15076
15077
15078
15081
15082
15083
15086
15089
15094
15096
15097
15107
15109
15110
15115
15116
15118
15137
15196
15197
15199
15201
15215
15216
15218
15222
15223
15231
15232
15241
15243
15244
15246
15251
15258
15262
15263
15266
15294
15297
15302
15305
15325
15333
15375
15417
15420
15435
15436
15437
15445
15455
15468
15472
15475
15481
15483
15490
15494
15500
15522
15534
15539
15548
15551
15560
15576
15584
15587
15593
15596
15597
15602
15603
15607
15609
15611
15619
15620
15623
15632
15638
15645
15651
15658
15659
15661
15663
15673
15676
15677
15706
15709
15711
15725
15726
15731
15762
15766
15788
15790
15799
15811
15821
15830
15840
15843
15844
15845
15848
15850
15851
15859
15860
15863
15864
15866
15867
15868
15869
15871
15872
15876
15880
15884
15886
15893
15894
15895
15896
15933
15934
15935
15936
15938
15943
15944
15945
15950
15963
15967
15977
15984
15987
15995
15999
16001
16013
16022
16025
16039
16041
16043
16054
16055
16058
16064
16067
16076
16079
16083
16090
16094
16096
16098
16100
16103
16106
16112
16113
16117
16120
16121
16128
16129
16133
16134
16135
16143
16145
16146
16150
16151
16162
16167
16168
16171
16172
16177
16182
16185
16195
16334
16341
16344
16345
16350
16353
16354
16365
16368
16369
16370
16374
16384
16388
16392
16401
16404
16410
16412
16414
16425
16435
16436
16452
16456
16458
16467
16469
16472
16485
16487
16492
16496
16498
16512
16551
16579
16580
16599
16635
16636
16642
16646
16648
16651
16652
16653
16654
16658
16659
16663
16667
16669
16670
16672
16674
16675
16676
16678
16681
16682
16683
16684
16687
16689
16693
16718
16725
16727
16732
16735
16765
16766
16767
16835
16845
16846
16848
16858
16861
16875
16881
16889
16890
16891
16893
16909
16956
16973
16976
16983
16985
16987
17017
17027
17028
17030
17032
17040
17053
17054
17059
17060
17067
17068
17069
17073
17081
17082
17083
17084
17114
17118
17129
17136
17139
17149
17151
17152
17153
17159
17160
17164
17168
17171
17178
17180
17183
17193
17195
17202
17207
17211
17215
17222
17239
17252
17253
17254
17257
17258
17272
17273
17281
17304
17307
17432
17438
17456
17474
17475
17478
17479
17481
17485
17486
17487
17488
17490
17491
17494
17495
17496
17503
17504
17506
17507
17508
17510
17512
17515
17517
17518
17520
17521
17522
17539
17544
17547
17560
17580
17583
17584
17610
17620
17621
17624
17626
17628
17629
17635
17646
17650
17653
17654
17679
17680
17681
17683
17684
17685
17688
17689
17693
17694
17695
17696
17698
17700
17701
17702
17703
17704
17707
17708
17709
17710
17711
17712
17714
17715
17716
17717
17720
17735
17741
17742
17744
17747
17748
17773
17778
17837
17838
17841
17844
17887
17888
17890
17892
17894
17899
17905
17906
17910
17911
17912
17914
17915
17917
17920
17921
17923
17924
17925
17929
17931
17932
17959
17961
17962
17968
17972
17975
17979
17980
17982
17983
17985
17986
17998
18000
18001
18002
18009
18015
18021
18022
18024
18025
18027
18029
18031
18032
18033
18091
18092
18093
18094
18096
18103
18152
18169
18188
18191
18194
18199
18228
18243
18287
18297
18305
18307
18368
18373
18375
18379
18384
18402
18404
18415
18420
18424
18443
18452
18454
18458
18459
18472
18473
18474
18487
18495
18499
18500
18502
18506
18507
18511
18518
18572
18573
18574
18575
18576
18577
18603
18617
18619
18631
18716
18720
18738
18740
18742
18743
18744
18746
18750
18751
18753
18775
18777
18778
18783
18804
18808
18810
18811
18812
18813
18818
18820
18821
18822
18823
18824
18825
18828
18831
18832
18833
18834
18836
18838
18840
18846
18847
18849
18854
18860
18864
18867
18870
18872
18879
18890
18891
18894
18895
18897
18899
18900
18902
18904
18906
18908
18910
18911
18912
18914
18926
18927
18932
18937
18938
18943
18956
18963
18964
19071
19072
19073
19077
19079
19080
19087
19088
19092
19094
19127
19131
19135
19143
19144
19147
19152
19171
19196
19203
19211
19221
19225
19232
19266
19267
19273
19308
19309
19310
19317
19328
19332
19394
19395
19396
19397
19398
19400
19405
19409
19414
19416
19417
19418
19444
19445
19446
19460
19464
19466
19467
19480
19502
19538
19540
19552
19556
19557
19567
19577
19584
19593
19634
19635
19637
19638
19639
19649
19655
19674
19675
19680
19695
19698
19700
19701
19706
19762
19767
19779
19806
19855
19877
19885
19886
19905
19914
19916
19933
19934
19935
20153
20421
20424
20425
20426
20433
20438
20440
20445
20460
20461
20469
20478
20480
20487
20490
20495
20497
20514
20515
20517
20519
20521
20524
20531
20532
20534
20535
20538
20539
20542
20543
20624
20657
20662
20673
20682
20688
20689
20697
20704
20705
20706
20707
20719
20733
20753
20822
20825
20826
20827
20828
20832
20835
20837
20838
20845
20861
20880
20899
20906
20909
20910
20917
20984
20991
20992
21017
21097
21099
21100
21114
21116
21129
21130
21132
21134
21137
21141
21148
21157
21158
21167
21172
21196
21415
21433
21440
21449
21452
21483
21490
21502
21507
21516
21520
21537
21546
21551
21555
21557
21560
21561
21563
21564
21565
21566
21587
21589
21590
21597
21598
21606
21607
21609
21611
21618
21623
21625
21638
21639
21643
21648
21707
21710
21721
21722
21723
21724
21769
21770
21771
21808
21809
21855
21865
21868
21883
22012
22018
22027
22028
22058
22079
22080
22108
22113
22119
22121
22122
22123
22124
22127
22132
22133
22134
22139
22142
22144
22146
22149
22162
22176
22187
22217
22229
22231
22235
22254
22255
22257
22286
22320
22323
22329
22330
22332
22333
22336
22381
22382
22384
22386
22388
22391
22392
22393
22406
22419
22420
22423
22424
22426
22430
22434
22440
22459
22460
22461
22463
22466
22467
22468
22469
22488
22496
22512
22513
22514
22516
22521
22522
22526
22535
22537
22538
22546
22554
22622
22636
22643
22645
22646
22656
22659
22671
22687
22689
22690
22692
22701
22705
22714
22736
22737
22746
22747
22752
22753
22758
22787
22793
22807
22824
22831
22839
22843
22846
22847
22858
22861
22866
22875
22972
22992
22998
23015
23030
23051
23081
23083
23111
23112
23115
23116
23120
23130
23156
23159
23162
23171
23172
23183
23206
23207
23255
23273
23275
23276
23280
23317
23332
23337
23338
23340
23342
23344
23346
23349
23352
23353
23359
23362
23366
23374
23375
23431
23460
23464
23468
23484
23498
23530
23592
23593
23596
23599
23620
23622
23648
23657
23665
23673
23687
23706
23711
23730
23733
23734
23735
23736
23745
23772
23776
23803
23806
23807
23816
23819
23823
23824
23828
23829
23831
23832
23841
23842
23847
23864
23867
23868
23869
23870
23871
23874
23876
23877
23878
23881
23908
23916
23924
23934
23943
23944
23946
23970
23971
23973
23977
23980
23981
23989
23992
23993
23994
23995
23996
24000
24002
24008
24011
24013
24014
24015
24016
24018
24020
24021
24025
24026
24028
24031
24032
24033
24034
24037
24038
24039
24061
24062
24065
24069
24073
24075
24077
24084
24086
24088
24091
24093
24095
24096
24102
24111
24123
24124
24134
24136
24176
24179
24180
24182
24183
24185
24186
24189
24190
24195
24199
24203
24205
24209
24210
24211
24212
24213
24214
24215
24216
24217
24219
24220
24222
24223
24224
24225
24227
24228
24231
24232
24233
24234
24235
24236
24237
24241
24244
24247
24255
24256
24259
24260
24284
24285
24296
24297
24369
24370
24372
24375
24377
24379
24380
24383
24386
24388
24393
24398
24401
24403
24404
24406
24416
24421
24424
24462
24474
24497
24550
24559
24560
24561
24577
24580
24582
24586
24596
24647
24670
24672
24680
24681
24689
24692
24693
24694
24695
24696
24703
24706
24719
24722
24727
24728
24731
24732
24733
24734
24740
24741
24753
24759
24764
24765
24766
24768
24769
24770
24774
24776
24777
24781
24798
24813
24830
24859
24869
24870
24871
24876
24879
24880
24881
24883
24886
24887
24888
24889
24894
24896
24897
24899
24909
24935
24942
24955
24965
24997
25000
25004
25011
25018
25021
25023
25029
25040
25049
25055
25065
25073
25095
25109
25118
25121
25122
25123
25124
25129
25139
25146
25157
25158
25159
25160
25163
25168
25174
25176
25178
25181
25183
25184
25186
25221
25237
25240
25243
25253
25256
25265
25268
25271
25272
25282
25285
25289
25292
25310
25337
25342
25344
25347
25350
25355
25366
25371
25376
25377
25386
25395
25397
25398
25404
25406
25409
25410
25411
25415
25437
25450
25452
25453
25458
25460
25519
25520
25531
25535
25543
25548
25549
25552
25553
25563
25592
25593
25594
25595
25596
25597
25604
25606
25631
25648
25679
25681
25686
25699
25703
25706
25736
25751
25762
25765
25767
25872
25873
25874
25875
25880
25881
25885
25886
25887
25889
25894
25901
25908
25911
25912
25915
25917
25921
25922
25923
25924
25925
25926
25927
25928
25929
25938
25945
25946
25950
25955
25959
25964
25967
25970
25978
25985
25991
25995
25996
25997
26000
26015
26042
26070
26073
26137
26138
26146
26147
26149
26150
26154
26156
26157
26158
26159
26200
26206
26233
26234
26245
26261
26300
26301
26303
26304
26310
26327
26329
26339
26340
26344
26351
26352
26353
26356
26371
26380
26385
26388
26389
26390
26397
26400
26408
26413
26420
26424
26440
26508
26515
26523
26556
26577
26631
26652
26681
26846
26847
26848
26850
26862
26865
26869
26873
26899
26937
26944
26945
26956
26958
26962
27004
27057
27079
27105
27109
27119
27131
27135
27180
27182
27219
27238
27241
27242
27250
27285
27286
27289
27291
27292
27296
27301
27308
27309
27346
27348
27349
27353
27358
27359
27360
27361
27382
27385
27386
27411
27412
27435
27463
27468
27486
27549
27589
27608
27617
27634
27640
27642
27643
27644
27653
27654
27668
27684
27689
27700
27717
27718
27720
27727
27737
27764
27769
27776
27777
27780
27782
27785
27786
27787
27789
27790
27791
27792
27794
27795
27796
27797
27798
27831
27833
27834
27839
27851
27852
27854
27856
27857
27858
27864
27866
27869
27871
27872
27877
27887
27972
27974
27989
27994
28009
28013
28015
28017
28018
28028
28031
28036
28041
28104
28106
28116
28119
28121
28122
28123
28124
28126
28127
28128
28130
28132
28134
28135
28146
28148
28149
28153
28155
28161
28162
28164
28166
28172
28173
28193
28201
28209
28224
28228
28236
28244
28250
28294
28300
28310
28323
28359
28386
28387
28414
28429
28432
28444
28473
28492
28493
28494
28495
28501
28506
28507
28509
28510
28521
28581
28582
28583
28584
28589
28590
28593
28597
28598
28710
28712
28725
28726
28730
28731
28733
28748
28768
28770
28772
28775
28776
28779
28780
28784
28792
28793
28794
28799
28804
28810
28811
28816
28817
28819
28820
28822
28826
28827
28850
28853
28854
28863
28866
28872
28880
28896
28901
28902
28906
28908
28935
28942
28943
28944
28946
28958
28965
28970
28971
28975
28979
28980
28984
29004
29016
29021
29022
29048
29053
29060
29065
29066
29069
29070
29071
29073
29076
29078
29079
29084
29102
29107
29111
29144
29148
29149
29194
29195
29237
29245
29248
29250
29251
29255
29259
29267
29268
29285
29295
29304
29306
29313
29336
29342
29355
29358
29362
29367
29373
29425
29457
29458
29462
29463
29464
29465
29467
29468
29471
29475
29486
29488
29515
29524
29525
29526
29535
29536
29557
29560
29565
29581
29582
29614
29623
29625
29632
29633
29634
29637
29639
29641
29642
29643
29644
29646
29647
29652
29660
29662
29665
29672
29675
29676
29677
29679
29680
29681
29721
29722
29729
29732
29736
29738
29741
29769
29770
29772
29775
29781
29782
29800
29801
29802
29803
29835
29836
29837
29848
29850
29852
29853
29854
29860
29867
29868
29870
29872
29874
29876
29878
29930
29933
29937
29944
29945
29963
29974
29987
30002
30004
30007
30009
30010
30020
30023
30102
30103
30105
30117
30141
30142
30143
30151
30155
30168
30173
30224
30229
30235
30236
30246
30248
30249
30259
30278
30279
30289
30291
30298
30307
30309
30314
30318
30345
30346
30349
30356
30404
30405
30436
30439
30440
30441
30443
30444
30445
30453
30455
30482
30505
30506
30509
30512
30516
30540
30550
30606
30621
30624
30710
30713
30731
30757
30770
30780
30787
30820
30821
30834
30839
30846
30854
30855
30861
30871
30876
30878
30879
30888
30889
30890
30906
30910
30927
30949
30951
30964
30993
30999
31006
31010
31015
31024
31027
31028
31030
31040
31045
31046
31068
31069
31085
31107
31131
31142
31144
31167
31171
31173
31185
31260
31263
31269
31281
31282
31285
31287
31295
31301
31307
31351
31352
31353
31358
31363
31364
31369
31372
31375
31376
31377
31379
31382
31384
31388
31389
31392
31393
31394
31459
31473
31477
31482
31484
31493
31497
31499
31501
31504
31507
31508
31510
31511
31513
31517
31519
31528
31529
31530
31532
31545
31563
31578
31579
31584
31592
31596
31619
31620
31624
31632
31637
31650
31652
31677
31678
31681
31687
31688
31691
31693
31694
31696
31699
31706
31707
31719
31720
32003
32009
32016
32020
32023
32026
32030
32034
32053
32055
32056
32058
32071
32075
32081
32084
32088
32104
32113
32118
32127
32132
32138
32140
32152
32154
32171
32175
32176
32177
32178
32198
32210
32216
32224
32226
32231
32335
32338
32339
32344
32350
32357
32433
32437
32449
32450
32453
32455
32457
32459
32460
32476
32481
32483
32487
32498
32508
32514
32528
32535
32660
32664
32667
32670
32671
32675
32679
32681
32683
32686
32688
32691
32693
32694
32697
32698
32702
32717
32720
32721
32733
32735
32750
32752
32765
32772
32779
32782
32784
32786
32787
32796
32799
32807
32814
32855
32856
32858
32861
32862
32864
32952
32957
32958
32966
32967
32969
32970
32975
32992
32996
32999
33003
33012
33023
33031
33049
33050
33056
33072
33109
33135
33154
33155
33157
33158
33175
33178
33184
33199
33219
33238
33249
33258
33262
33264
33271
33275
33289
33296
33298
33299
33338
33339
33343
33352
33363
33366
33371
33373
33393
33394
33397
33403
33412
33454
33455
33513
33530
33647
33649
33679
33683
33686
33698
33699
33708
33711
33718
33728
33733
33734
33739
33741
33759
33761
33766
33777
33788
33792
33799
33800
33805
33809
33814
33815
33828
33837
33838
33843
33845
33846
33849
33857
33859
33860
33867
33874
33876
33877
33884
33893
33900
33904
33918
33935
33980
33984
33993
34000
34007
34043
34089
34093
34100
34112
34117
34118
34121
34126
34151
34152
34172
34174
34175
34182
34191
34205
34222
34229
34239
34240
34241
34243
34247
34249
34250
34251
34305
34334
34342
34346
34350
34367
34368
34373
34375
34381
34389
34397
34409
34411
34449
34456
34457
34459
34466
34469
34546
34549
34550
34551
34579
34580
34587
34590
34645
34652
34655
34691
34699
34713
34715
34719
34724
34731
34732
34733
34752
34773
34776
34778
34779
34782
34786
34788
34795
34796
34798
34805
34806
34818
34821
34824
34827
34839
34864
34874
34883
34885
34889
34897
34905
34917
34932
34938
35001
35004
35007
35008
35045
35049
35051
35052
35058
35077
35086
35087
35099
35102
35105
35117
35120
35142
35143
35147
35151
35152
35154
35156
35187
35189
35190
35195
35220
35282
35288
35294
35295
35301
35302
35304
35306
35310
35311
35315
35316
35317
35320
35323
35324
35326
35348
35359
35369
35374
35375
35377
35384
35386
35389
35397
35400
35401
35404
35406
35412
35430
35435
35473
35477
35480
35492
35502
35506
35507
35510
35512
35572
35577
35580
35600
35601
35614
35616
35619
35631
35632
35635
35642
35653
35666
35681
35682
35683
35689
35699
35705
35722
35735
35761
35763
35780
35800
35803
35805
35806
35807
35810
35857
35860
35862
35866
35871
35897
35898
35909
35910
35942
35943
35944
35963
35973
35974
35985
35988
35989
35991
35997
35999
36001
36004
36005
36009
36010
36022
36028
36067
36071
36072
36073
36089
36092
36095
36096
36097
36166
36168
36169
36173
36177
36179
36186
36189
36191
36203
36218
36219
36224
36229
36232
36237
36246
36278
36279
36282
36311
36315
36316
36343
36349
36351
36378
36381
36383
36387
36389
36397
36400
36407
36410
36452
36464
36473
36476
36479
36488
36492
36493
36500
36502
36508
36510
36512
36513
36521
36528
36531
36542
36554
36556
36557
36561
36562
36567
36581
36589
36593
36622
36626
36633
36634
36635
36636
36674
36688
36700
36701
36704
36736
36739
36740
36741
36744
36746
36747
36755
36758
36763
36764
36767
36773
36784
36785
36800
36802
36803
36804
36805
36808
36811
36812
36818
36822
36824
36841
36844
36848
36849
36851
36853
36856
36867
36868
36874
36875
36878
36879
36881
36906
36909
36914
36932
36935
36936
36937
36939
36941
36945
36946
36947
36948
36953
36955
36962
36979
37015
37017
37019
37022
37029
37032
37050
37067
37068
37070
37077
37078
37086
37091
37093
37095
37174
37181
37201
37203
37204
37207
37209
37216
37218
37222
37227
37230
37232
37233
37245
37375
37384
37395
37399
37400
37404
37407
37409
37414
37417
37418
37421
37426
37429
37431
37432
37437
37448
37454
37455
37458
37459
37460
37465
37469
37473
37491
37511
37513
37520
37522
37527
37530
37531
37533
37534
37535
37537
37539
37543
37544
37550
37564
37575
37581
37582
37592
37593
37602
37603
37604
37605
37606
37610
37615
37619
37624
37626
37627
37628
37635
37637
37640
37653
37674
37675
37680
37688
37689
37695
37705
37706
37708
37714
37716
37717
37719
37722
37727
37731
37740
37741
37743
37790
37796
37802
37803
37805
37815
37821
37822
37827
37832
37836
37838
37860
37867
37878
37881
37883
37920
37921
37970
37971
37973
37976
37982
37985
37986
37988
37994
37996
38000
38001
38011
38013
38027
38028
38034
38035
38051
38058
38075
38086
38090
38133
38137
38170
38171
38175
38269
38280
38305
38307
38326
38327
38337
38347
38349
38350
38369
38375
38424
38594
38595
38596
38600
38604
38605
38610
38613
38617
38618
38620
38621
38622
38623
38627
38628
38630
38631
38636
38638
38639
38640
38650
38653
38656
38671
38676
38685
38697
38698
38699
38700
38702
38703
38705
38706
38707
38708
38709
38712
38720
38724
38733
38735
38742
38751
38785
38790
38793
38807
38826
38831
38846
38848
38852
38854
38861
38879
38881
38883
38884
38886
38887
38889
38893
38898
38899
38900
38935
38961
38962
38964
38991
38998
38999
39001
39013
39020
39048
39065
39085
39088
39107
39108
39109
39111
39112
39114
39115
39116
39147
39150
39151
39154
39155
39156
39197
39200
39236
39258
39259
39273
39295
39296
39297
39298
39299
39300
39301
39302
39331
39334
39345
39348
39351
39358
39360
39362
39366
39379
39381
39400
39504
39506
39510
39511
39513
39518
39519
39520
39525
39528
39534
39537
39538
39541
39547
39558
39571
39572
39615
39626
39631
39633
39635
39644
39645
39647
39648
39740
39748
39752
39753
39755
39764
39765
39769
39781
39802
39805
39829
39831
39844
39849
39852
39853
39854
39857
39858
39865
39877
39905
39934
39940
39963
39965
39969
39985
39991
40002
40006
40010
40019
40020
40026
40035
40040
40078
40099
40114
40147
40151
40157
40159
40160
40166
40218
40221
40224
40240
40241
40245
40277
40281
40346
40392
40395
40406
40413
40414
40430
40432
40438
40439
40452
40456
40469
40473
40479
40492
40509
40511
40549
40595
40616
40618
40619
40620
40622
40625
40627
40628
40629
40630
40631
40637
40638
40640
40642
40643
40647
40648
40649
40655
40660
40672
40698
40704
40711
40715
40721
40722
40723
40736
40737
40739
40741
40743
40744
40745
40746
40747
40748
40749
40752
40753
40754
40755
40805
40827
40840
40842
40843
40849
40850
40851
40853
40857
40862
40864
40865
40866
40874
40877
40893
40897
40898
40900
40901
40902
40903
40907
40908
40910
40913
40964
40969
40983
40986
40998
41005
41006
41008
41011
41015
41018
41041
41042
41043
41044
41045
41049
41051
41090
41093
41279
41280
41287
41298
41305
41309
41348
41370
41397
41417
41419
41453
41459
41460
41462
41463
41466
41472
41474
41476
41477
41502
41505
41516
41517
41526
41528
41536
41541
41542
41544
41547
41548
41549
41565
41566
41567
41568
41573
41582
41587
41601
41602
41604
41610
41616
41624
41628
41629
41631
41667
41681
41700
41703
41704
41725
41726
41727
41728
41730
41731
41732
41733
41735
41736
41737
41738
41742
41745
41746
41787
41789
41813
41814
41821
41835
41837
41839
41847
41854
41866
41870
41889
41891
41893
41904
41908
41910
41911
41914
41974
41984
42092
42104
42144
42151
42153
42157
42158
42160
42162
42163
42164
42167
42169
42173
42176
42178
42181
42208
42218
42220
42221
42226
42228
42235
42241
42244
42250
42251
42258
42266
42274
42344
42347
42349
42350
42353
42356
42357
42359
42380
42415
42416
42420
42430
42432
42435
42438
42444
42446
42451
42455
42456
42480
42483
42497
42519
42522
42523
42525
42526
42530
42536
42537
42538
42541
42545
42551
42580
42586
42589
42598
42650
42730
42736
42737
42805
42855
42872
42876
42877
42878
42880
42883
42885
42886
42888
42890
42891
42900
42901
42902
42903
42910
43145
43168
43189
43217
43224
43226
43231
43232
43317
43324
43357
43358
43359
43360
43363
43365
43366
43367
43369
43370
43378
43393
43394
43399
43405
43409
43411
43412
43415
43506
43548
43564
43567
43572
43580
43613
43621
43625
43628
43629
43630
43633
43634
43635
43637
43638
43648
43650
43651
43653
43659
43660
43752
43773
43774
43791
43792
43795
43801
43802
43826
43913
43916
43917
43918
43933
43941
43946
43967
43973
43978
43981
43985
43991
43993
44036
44057
44079
44086
44111
44112
44114
44124
44168
44183
44189
44233
44267
44269
44270
44271
44273
44282
44283
44288
44296
44300
44389
44394
44400
44402
44416
44417
44425
44429
44467
44486
44499
44503
44524
44525
44526
44527
44561
44565
44587
44606
44614
44618
44619
44626
44630
44635
44637
44644
44647
44648
44651
44655
44656
44659
44663
44669
44670
44676
44685
44689
44695
44698
44699
44702
44795
44800
44804
44821
44832
44834
44843
44865
44946
44950
44952
44953
44957
44958
44959
44960
44989
44991
45004
45017
45029
45030
45046
45049
45050
45051
45052
45057
45060
45074
45078
45088
45094
45098
45103
45105
45106
45112
45113
45115
45119
45128
45132
45145
45148
45149
45150
45157
45159
45170
45266
45267
45271
45273
45298
45313
45326
45327
45328
45329
45331
45332
45333
45336
45339
45340
45341
45344
45363
45366
45371
45373
45375
45409
45412
45414
45425
45435
45447
45450
45454
45456
45459
45460
45462
45467
45470
45474
45475
45478
45479
45486
45502
45503
45530
45532
45535
45543
45659
45695
45696
45698
45699
45701
45718
45725
45727
45733
46529
46537
46539
46545
46558
46575
46589
46592
46594
46625
46627
46631
46644
46649
46651
46665
46672
46675
46676
46681
46689
46691
46703
46715
46716
46719
46720
46721
46723
46732
46733
46736
46737
46742
46744
46745
46747
46748
46773
46780
46786
46790
46792
46793
46796
46805
46807
46816
46822
46824
46852
46854
46861
46866
46868
46880
46882
46889
46891
46898
46905
46912
46913
46914
46936
46939
46944
46949
46962
46986
46987
46989
46991
46997
47002
47028
47036
47046
47048
47049
47052
47054
47057
47059
47074
47096
47105
47119
47121
47127
47129
47148
47151
47189
47190
47193
47195
47197
47198
47200
47201
47202
47205
47234
47241
47242
47246
47247
47260
47262
47280
47295
47297
47310
47318
47344
47349
47353
47355
47389
47393
47394
47396
47397
47398
47404
47405
47406
47514
47528
47529
47672
47675
47684
47689
47719
47738
47740
47741
47748
47749
47753
47758
47760
47762
47769
47779
47809
47820
47841
47863
47865
47868
47888
47892
47894
47895
47897
47898
47922
47923
47926
47927
47929
47934
47936
47938
47942
47944
47945
47947
47948
47968
47978
47979
47985
47995
47999
48107
48111
48118
48121
48124
48126
48127
48130
48131
48132
48133
48134
48146
48147
48156
48158
48159
48163
48166
48169
48170
48173
48175
48177
48179
48182
48185
48194
48196
48200
48234
48235
48238
48243
48253
48256
48264
48268
48269
48272
48278
48279
48282
48289
48293
48294
48300
48301
48332
48375
48378
48384
48386
48397
48433
48435
48437
48439
48522
48523
48535
48568
48570
48580
48584
48585
48594
48601
48610
48611
48612
48655
48660
48662
48667
48675
48678
48690
48694
48698
48758
48776
48809
48811
48855
48856
48861
48862
48884
48887
48888
48892
48895
48896
48897
48898
48899
48989
48995
48996
48997
49002
49003
49004
49006
49010
49011
49014
49017
49028
49047
49067
49095
49107
49175
49177
49180
49193
49203
49209
49211
49229
49232
49236
49238
49241
49249
49251
49258
49265
49267
49280
49281
49282
49292
49294
49297
49298
49301
49302
49305
49310
49316
49318
49329
49338
49346
49352
49367
49373
49381
49384
49392
49396
49408
49410
49412
49413
49418
49420
49441
49472
49544
49580
49581
49585
49586
49629
49635
49731
49753
49755
49757
49758
49760
49762
49764
49768
49783
49788
49789
49790
49791
49840
49854
49861
49922
49927
49930
49945
49974
49975
49982
49983
49985
49986
49993
50010
50011
50012
50016
50036
50044
50057
50059
50060
50061
50075
50087
50088
50089
50095
50113
50124
50131
50137
50151
50165
50199
50202
50207
50208
50251
50274
50275
50284
50310
50314
50333
50334
50335
50344
50346
50349
50355
50363
50370
50371
50373
50375
50376
50395
50398
50399
50405
50412
50413
50419
50422
50423
50430
50432
50440
50441
50447
50449
50451
50467
50487
50495
50496
50508
50517
50518
50525
50529
50531
50545
50546
50547
50548
50549
50554
50675
50676
50677
50679
50680
50701
50708
50709
50719
50726
50740
50754
50755
50756
50800
50805
50829
50831
50832
50887
50901
50903
50904
50906
51116
51124
51131
51134
51138
51142
51143
51152
51163
51164
51165
51166
51167
51168
51173
51176
51209
51212
51219
51224
51226
51248
51250
51254
51255
51260
51263
51282
51283
51285
51287
51306
51313
51315
51338
51343
51344
51360
51379
51381
51391
51392
51397
51401
51448
51451
51460
51471
51490
51492
51496
51500
51501
51502
51505
51515
51517
51522
51524
51525
51527
51528
51529
51532
51536
51540
51546
51548
51600
51602
51606
51608
51609
51621
51637
51638
51651
51657
51676
51679
51697
51704
51706
51707
51708
51724
51752
51754
51756
51759
51762
51763
51764
51766
51767
51768
51775
51777
51779
51782
51789
51791
51794
51796
51801
51892
51895
51899
51901
51902
51905
51908
51912
51925
51933
51968
51980
51982
52022
52029
52033
52034
52040
52080
52085
52087
52088
52089
52090
52091
52093
52094
52095
52096
52109
52136
52147
52198
52201
52215
52216
52226
52228
52229
52231
52235
52237
52238
52248
52303
52309
52310
52311
52317
52318
52324
52335
52429
52491
52495
52507
52519
52523
52531
52535
52548
52566
52571
52578
52587
52606
52623
52624
52627
52630
52632
52634
52652
52653
52654
52656
52668
52672
52738
52739
52750
52757
52758
52765
52768
52769
52777
52779
52788
52808
52810
52813
52820
52822
52831
52832
52834
52835
52839
52844
52861
52885
52896
52905
52916
52926
52946
52963
52965
52966
52989
52990
52992
52993
52997
52998
53004
53005
53008
53009
53010
53011
53016
53033
53046
53052
53055
53074
53075
53078
53084
53148
53149
53151
53159
53165
53170
53180
53182
53185
53192
53198
53199
53200
53237
53239
53245
53246
53253
53255
53259
53263
53266
53274
53335
53336
53339
53340
53349
53361
53370
53372
53381
53391
53395
53396
53398
53401
53402
53403
53410
53411
53415
53416
53421
53430
53490
53491
53492
53493
53494
53495
53498
53508
53530
53532
53539
53570
53571
53572
53591
53592
53593
53594
53595
53605
53610
53613
53615
53618
53621
53626
53627
53628
53740
53741
53744
53745
53746
53748
53750
53753
53778
53854
53855
53858
53860
53865
53868
53873
53881
53883
53887
53891
53902
53904
53912
53915
53923
53933
53935
53937
53951
53953
53954
53967
53973
53974
53975
53978
53979
53985
54025
54026
54030
54031
54033
54037
54039
54041
54100
54110
54111
54117
54121
54122
54128
54131
54136
54143
54147
54151
54165
54167
54172
54188
54199
54212
54213
54216
54217
54219
54220
54224
54226
54227
54229
54232
54233
54234
54237
54239
54240
54242
54245
54246
54247
54249
54250
54252
54254
54255
54258
54275
54281
54385
54387
54388
54391
54398
54429
54433
54437
54459
54470
54476
54485
54487
54518
54525
54527
54570
54614
54670
54674
54686
54694
54697
54706
54719
54721
54723
54727
54732
54742
54754
54774
54778
54784
54792
54797
54806
54810
54811
54819
54865
54866
54867
54868
54870
54871
54895
54897
54905
54917
54924
54930
54934
54967
54974
54979
54984
54986
54989
54993
54995
55021
55022
55027
55028
55029
55035
55037
55047
55053
55063
55070
55075
55079
55080
55083
55092
55095
55101
55106
55108
55114
55118
55121
55122
55123
55129
55132
55140
55165
55172
55217
55220
55221
55237
55239
55241
55242
55245
55247
55264
55271
55280
55281
55346
55352
55354
55367
55369
55375
55383
55394
55400
55401
55407
55409
55412
55416
55418
55440
55447
55449
55450
55454
55459
55462
55479
55484
55490
55491
55494
55496
55497
55498
55505
55508
55511
55516
55521
55529
55530
55536
55553
55567
55568
55583
55604
55609
55610
55611
55612
55614
55657
55662
55682
55685
55697
55703
55731
55739
55743
55750
55758
55766
55767
55781
55789
55793
55801
55803
55807
55810
55816
55818
55820
55822
55826
55829
55833
55837
55912
56015
56098
56140
56142
56144
56145
56175
56176
56177
56178
56181
56182
56184
56279
56280
56282
56287
56289
56294
56295
56304
56369
56373
56377
56381
56417
56550
56558
56564
56568
56573
56577
56580
56584
56587
56588
56591
56592
56595
56604
56607
56609
56612
56634
56640
56642
56643
56674
56675
56676
56678
56680
56681
56683
56687
56690
56691
56733
56740
56752
56753
56756
56776
56779
56784
56786
56796
56799
56800
56809
56836
56862
56863
56864
56865
56869
56870
56874
56875
56879
56883
56895
56899
56910
56915
56920
56936
56937
56939
56998
57001
57004
57029
57031
57032
57039
57089
57092
57095
57097
57100
57101
57131
57137
57158
57160
57162
57164
57165
57166
57191
57192
57198
57255
57270
57272
57273
57274
57275
57278
57279
57280
57290
57291
57334
57358
57421
57452
57477
57487
57493
57495
57496
57499
57505
57507
57514
57521
57529
57535
57539
57546
57549
57602
57603
57604
57614
57615
57618
57620
57631
57641
57652
57703
57706
57799
57801
57802
57803
57806
57809
57811
57812
57813
57816
57817
57818
57821
57838
57844
57851
57869
57875
57883
57886
57887
57901
57905
57907
57912
57914
57916
57920
57923
57947
57950
57951
57952
57953
57954
57955
57956
57966
58016
58026
58028
58031
58048
58055
58057
58063
58067
58071
58076
58084
58086
58093
58096
58109
58112
58124
58125
58132
58148
58157
58176
58181
58184
58186
58195
58198
58199
58200
58210
58211
58218
58224
58255
58256
58288
58289
58297
58299
58302
58303
58308
58310
58311
58313
58314
58315
58322
58361
58366
58375
58378
58379
58380
58383
58385
58387
58396
58403
58404
58414
58426
58428
58439
58440
58452
58455
58465
58467
58469
58475
58511
58518
58527
58528
58536
58544
58550
58552
58553
58570
58571
58608
58614
58615
58642
58648
58689
58691
58693
58711
58717
58724
58726
58731
58738
58744
58747
58750
58783
58806
58807
58809
58821
58824
58902
58910
58913
58921
58935
58944
58957
58960
58961
58967
58972
58974
58975
58976
58977
58992
58999
59022
59025
59027
59028
59030
59031
59032
59033
59036
59038
59044
59050
59058
59063
59077
59082
59094
59095
59098
59102
59104
59107
59108
59109
59111
59112
59120
59121
59124
59125
59129
59135
59145
59161
59240
59241
59262
59265
59271
59328
59333
59339
59341
59348
59350
59368
59377
59405
59416
59419
59428
59447
59449
59483
59505
59506
59509
59514
59520
59521
59522
59546
59559
59567
59580
59588
59635
59636
59656
59659
59680
59683
59686
59687
59690
59706
59760
59774
59777
59786
59809
59829
59830
59831
59835
59839
59843
59888
59927
59934
59945
59950
59960
59963
59970
59975
59976
59982
59989
59991
59993
59994
60007
60012
60013
60029
60042
60072
60076
60079
60081
60085
60120
60129
60133
60147
60157
60159
60161
60164
60166
60169
60234
60236
60238
60257
60258
60259
60272
60278
60285
60286
60297
60299
60300
60301
60302
60304
60305
60310
60312
60313
60314
60316
60319
60322
60323
60325
60328
60337
60338
60339
60343
60354
60366
60381
60384
60391
60393
60400
60406
60421
60422
60423
60425
60430
60463
60475
60480
60481
60485
60509
60512
60513
60520
60590
60592
60605
60609
60613
60616
60617
60619
60650
60652
60653
60657
60660
60692
60694
60707
60711
60755
60756
60757
60767
60769
60771
60775
60776
60783
60784
60786
60787
60788
60792
60805
60810
60818
60823
60826
60830
60831
60833
60855
60856
60857
60858
60863
60865
60870
60872
60882
60891
60918
60966
60968
60970
60994
61013
61014
61015
61016
61025
61027
61056
61057
61064
61075
61080
61090
61092
61098
61101
61112
61113
61118
61120
61123
61125
61129
61132
61136
61260
61262
61283
61284
61300
61308
61309
61311
61315
61318
61339
61367
61370
61387
61390
61407
61413
61425
61431
61438
61439
61443
61474
61478
61479
61483
61497
61502
61512
61513
61515
61517
61518
61542
61543
61544
61547
61553
61555
61567
61569
61582
61603
61605
61606
61607
61609
61621
61713
61719
61724
61725
61732
61734
61752
61755
61768
61776
61777
61778
61779
61780
61783
61784
61786
61788
61794
61833
61951
61952
61955
61958
61959
61961
61968
61970
61973
61982
61983
62076
62078
62080
62084
62087
62099
62122
62135
62136
62137
62138
62172
62181
62185
62194
62269
62271
62311
62312
62313
62314
62323
62391
62488
62489
62490
62492
62495
62497
62499
62500
62506
62507
62510
62512
62528
62531
62548
62549
62550
62572
62573
62575
62576
62577
62578
62745
62747
62748
62749
62753
62754
62757
62763
62764
62809
62814
62825
62829
62831
62865
62867
62868
62871
62872
62878
62879
62882
62885
62892
62896
62897
62901
62902
62903
62907
62908
62911
62912
62918
62921
62922
62924
62925
62927
62928
62930
62933
62935
62936
62937
62940
62941
62944
62955
62956
62957
62959
62962
62963
62964
62969
62970
62988
62993
63002
63016
63027
63029
63033
63037
63064
63077
63078
63088
63090
63107
63109
63110
63125
63126
63159
63170
63182
63191
63196
63209
63214
63216
63223
63224
63227
63228
63229
63252
63258
63260
63261
63262
63263
63264
63266
63267
63270
63271
63272
63273
63275
63294
63305
63317
63319
63321
63325
63328
63330
63336
63340
63353
63354
63363
63371
63381
63384
63385
63393
63401
63403
63405
63406
63407
63417
63418
63419
63421
63436
63438
63440
63450
63463
63464
63472
63474
63476
63478
63479
63482
63498
63507
63539
63541
63543
63545
63550
63552
63632
63648
63651
63652
63653
63654
63655
63661
63665
63667
63670
63672
63696
63697
63710
63712
63782
63785
63836
63850
63852
63861
63913
63952
63955
63958
63959
63965
63995
63996
64004
64005
64006
64013
64016
64017
64029
64033
64034
64042
64043
64045
64046
64047
64050
64052
64053
64061
64069
64074
64088
64090
64093
64105
64106
64108
64113
64114
64117
64161
64163
64172
64176
64180
64195
64196
64208
64219
64224
64225
64250
64268
64292
64307
64310
64311
64313
64316
64317
64323
64327
64364
64366
64367
64368
64370
64371
64372
64373
64374
64380
64381
64386
64416
64420
64428
64434
64440
64452
64453
64457
64461
64464
64465
64468
64474
64513
64516
64519
64522
64523
64536
64545
64552
64555
64556
64558
64560
64561
64592
64594
64595
64596
64599
64604
64628
64636
64637
64641
64669
64686
64688
64692
64697
64698
64702
64705
64707
64715
64733
64736
64742
64746
64769
64770
64805
64806
64807
64808
64854
64856
64860
64863
64866
64878
64880
64882
64883
64886
64893
64900
64943
64951
64952
64956
64958
64959
64960
64966
64972
64974
64976
64986
65017
65018
65026
65046
65057
65058
65068
65074
65086
65129
65132
65133
65134
65135
65136
65152
65160
65183
65184
65189
65192
65193
65196
65197
65198
65200
65201
65202
65206
65208
65209
65210
65247
65254
65262
65265
65289
65292
65293
65304
65320
65321
65326
65330
65337
65340
65342
65345
65346
65347
65348
65351
65370
65372
65373
65375
65376
65378
65381
65382
65385
65405
65406
65408
65409
65421
65510
65512
65539
65554
65558
65564
65574
65578
65581
65585
65603
65604
65701
65724
65726
65730
65732
65733
65734
65739
65742
65743
65764
65768
65774
65781
65782
65785
65788
65794
65798
65799
65803
65804
65807
65821
65834
65836
65837
65838
65842
65843
65846
65847
65852
65861
65865
65868
65871
65876
65878
65879
65883
65884
65915
65928
65929
65939
65961
65971
65973
65975
65979
65980
65984
66002
66014
66069
66074
66076
66085
66087
66089
66092
66097
66098
66107
66111
66112
66129
66140
66150
66199
66217
66219
66259
66261
66262
66263
66295
66303
66305
66306
66318
66331
66333
66336
66378
66446
66447
66469
66471
66482
66484
66488
66490
66491
66492
66493
66503
66505
66506
66507
66508
66531
66543
66550
66552
66557
66558
66562
66570
66572
66576
66593
66596
66600
66601
66603
66604
66607
66609
66615
66617
66619
66620
66622
66624
66634
66637
66639
66640
66644
66645
66648
66649
66653
66654
66655
66656
66657
66659
66661
66662
66663
66664
66667
66669
66671
66674
66675
66691
66698
66705
66708
66718
66738
66769
66775
66783
66792
66800
66801
66805
66809
66814
66815
66822
66823
66824
66825
66829
66852
66870
66892
66894
66895
66959
66960
66961
67002
67003
67011
67020
67021
67023
67024
67026
67041
67049
67059
67060
67068
67076
67078
67081
67083
67084
67085
67090
67091
67092
67093
67101
67105
67106
67110
67114
67115
67116
67122
67132
67134
67135
67137
67185
67202
67205
67254
67256
67301
67302
67308
67309
67313
67316
67317
67318
67319
67321
67322
67354
67364
67365
67367
67381
67405
67411
67413
67458
67467
67500
67502
67506
67507
67517
67525
67533
67548
67551
67554
67564
67565
67575
67583
67584
67585
67624
67687
67694
67703
67707
67708
67731
67738
67746
67758
67766
67768
67771
67773
67774
67778
67796
67809
67846
67847
67849
67853
67861
67866
67869
67870
67873
67874
67875
67877
67878
67888
67900
67908
67922
67925
67926
67970
68006
68007
68008
68012
68013
68017
68018
68019
68020
68021
68023
68043
68058
68060
68087
68097
68099
68132
68135
68136
68139
68164
68181
68182
68183
68204
68210
68221
68222
68223
68226
68227
68229
68237
68240
68244
68245
68246
68247
68251
68262
68271
68274
68279
68281
68286
68289
68293
68317
68378
68380
68385
68458
68462
68463
68464
68475
68576
68578
68581
68585
68590
68591
68594
68596
68599
68604
68633
68637
68652
68654
68660
68662
68663
68673
68679
68680
68684
68686
68687
68689
68690
68691
68727
68741
68743
68748
68754
68769
68773
68914
68938
68944
68945
68946
68949
68962
68969
68972
68984
68986
68999
69091
69118
69123
69124
69136
69137
69138
69141
69143
69144
69162
69168
69169
69172
69184
69188
69210
69220
69222
69257
69263
69295
69299
69301
69304
69314
69319
69320
69323
69326
69327
69330
69344
69345
69357
69358
69362
69367
69370
69374
69394
69396
69402
69420
69423
69434
69454
69474
69501
69514
69535
69536
69537
69540
69541
69563
69599
69604
69605
69607
69613
69617
69621
69622
69624
69766
69769
69771
69772
69774
69775
69776
69777
69779
69780
69781
69783
69785
69788
69790
69791
69793
69796
69797
69800
69802
69803
69805
69807
69808
69812
69813
69819
69826
69827
69833
69838
69841
69854
69867
69883
69896
69909
69921
69925
69933
69934
69949
69955
69959
69960
69962
69965
69988
69989
70006
70008
70010
70012
70014
70016
70020
70107
70148
70171
70180
70237
70239
70243
70244
70246
70256
70257
70259
70260
70264
70267
70279
70280
70291
70293
70300
70304
70307
70313
70315
70318
70334
70338
70339
70342
70353
70358
70382
70385
70386
70387
70388
70391
70398
70407
70411
70415
70426
70429
70436
70439
70442
70459
70464
70502
70503
70506
70616
70618
70628
70634
70637
70647
70649
70660
70667
70670
70672
70676
70679
70682
70702
70725
70735
70737
70738
70739
70741
70754
70756
70777
70784
70787
70967
70981
70985
70986
71015
71025
71026
71027
71029
71032
71044
71054
71061
71085
71090
71091
71092
71096
71100
71105
71106
71107
71109
71110
71112
71115
71116
71117
71118
71119
71130
71134
71139
71142
71146
71149
71150
71166
71171
71182
71205
71206
71207
71209
71210
71211
71283
71302
71303
71306
71351
71441
71442
71443
71448
71449
71503
71524
71531
71539
71551
71553
71561
71563
71564
71569
71586
71589
71596
71647
71748
71752
71754
71756
71758
71759
71763
71775
71803
71807
71816
71838
71839
71852
71863
71871
71912
71918
71919
71920
71921
71923
71930
71933
71936
71938
71939
71940
71941
71942
71945
71946
71955
71956
71957
71959
71960
71961
71967
72370
72379
78213
78215
78219
78221
78223
78225
78226
78229
78232
78240
78270
78272
78284
78289
78290
78291
78292
78293
78294
78297
78299
78302
78303
78304
78308
78310
78313
78314
78441
78442
78444
78454
78477
78489
78499
78509
78510
78516
78518
78521
78522
78525
78528
78529
78532
78534
78536
78539
78541
78542
78543
78547
78552
78558
78559
78560
78567
78578
78580
78593
78597
78607
78609
78632
78633
78634
78637
78643
78645
78654
78684
78690
78695
78701
78752
78759
78776
78778
78779
78788
78798
78805
78808
78809
78811
78813
78814
78818
78864
78866
78873
78875
78889
78903
78910
78915
78916
78920
78926
78928
78930
78932
78935
78937
78939
78962
78965
78973
78974
78975
78978
78980
78982
78983
79014
79038
79051
79054
79059
79066
79068
79077
79079
79087
79093
79095
79096
79097
79102
79107
79110
79111
79120
79123
79124
79129
79134
79139
79144
79146
79172
79177
79178
79194
79199
79208
79223
79224
79227
79228
79233
79252
79275
79277
79281
79283
79285
79287
79330
79377
79393
79424
79428
79461
79530
79563
79564
79574
79605
79637
79650
79663
79666
79667
79668
79681
79741
79742
79744
79748
79749
79753
79754
79756
79780
79782
79783
79784
79787
79788
79789
79790
79795
79799
79800
79801
79803
79808
79837
79843
79852
79855
79857
79865
79866
79869
79870
79875
79877
79882
79883
79897
79903
79910
79915
79919
79921
79936
79939
79942
79943
79960
79970
79971
79974
79991
80001
80005
80006
80016
80034
80040
80073
80082
80092
80110
80127
80131
80132
80137
80158
80192
80193
80197
80212
80213
80214
80222
80224
80229
80239
80245
80256
80352
80354
80355
80363
80369
80377
80378
80388
80390
80393
80395
80408
80413
80414
80416
80417
80425
80457
80486
80487
80513
80514
80533
80552
80557
80581
80587
80588
80589
80590
80596
80597
80598
80602
80609
80610
80611
80621
80657
80659
80660
80661
80662
80664
80666
80670
80671
80681
80683
80720
80739
80743
80755
80757
80759
80760
80770
80774
80783
80784
80787
80788
80796
80814
80815
80836
80841
80847
80848
80851
80861
80862
80863
80864
80875
80877
80878
80883
80890
80893
80894
80895
80896
80898
80899
80903
80905
80908
80909
80918
80920
80929
80931
80935
80937
80939
80941
80961
80962
80967
80968
80973
80974
81241
81251
81253
81254
81256
81260
81264
81270
81276
81289
81298
81303
81336
81380
81382
81384
81386
81387
81390
81392
81404
81405
81410
81421
81423
81426
81432
81434
81458
81463
81464
81477
81478
81486
81488
81496
81499
81505
81506
81508
81509
81518
81641
81703
81706
81707
81709
81717
81722
81727
81728
81744
81750
81752
81755
81800
81807
81810
81816
81820
81830
81833
81834
81835
81836
81838
81850
81851
81852
81853
81865
81866
81868
81871
81872
81876
81878
81882
81886
81893
81894
81895
81901
81903
81904
81905
81906
81908
81910
81913
81914
81916
81919
81920
81921
81923
81927
81928
81929
81932
81935
81936
82034
82036
82040
82043
82045
82074
82079
82080
82092
82094
82103
82120
82200
82208
82210
82211
82213
82218
82220
82225
82228
82238
82239
82242
82244
82249
82255
82256
82261
82267
82269
82287
82289
82290
82294
82299
82304
82316
82328
82333
82335
82338
82346
82350
82352
82353
82354
82356
82358
82359
82362
82364
82367
82368
82420
82425
82426
82427
82433
82437
82448
82457
82479
82484
82485
82525
82528
82545
82548
82550
82552
82555
82558
82560
82562
82574
82575
82611
82612
82618
82640
82643
82644
82645
82646
82648
82650
82735
82739
82740
82752
82759
82764
82773
82774
82778
82783
82785
82794
82796
82797
82799
82804
82808
82812
82839
82840
82842
82845
82850
82853
82855
82897
82982
82983
82988
82989
82992
82995
83001
83003
83056
83057
83063
83066
83073
83074
83082
83094
83100
83108
83113
83115
83121
83130
83144
83149
83170
83189
83191
83194
83201
83205
83206
83208
83211
83224
83228
83230
83240
83245
83251
83253
83259
83264
83304
83305
83306
83313
83333
83336
83345
83349
83350
83381
83469
83508
83517
83520
83530
83542
83574
83577
83586
83589
83604
83606
83608
83623
83625
83651
83652
83669
83671
83686
83701
83725
83746
83747
83748
83755
83757
83764
83765
83767
83772
83777
83778
83779
83780
83784
83787
83792
83800
83804
83809
83816
83833
83835
83836
83855
83866
83877
83880
83888
83890
83891
83896
83913
83956
83967
83973
83984
83987
83988
84007
84008
84010
84034
84035
84044
84051
84052
84055
84059
84062
84063
84064
84065
84067
84070
84074
84075
84086
84087
84088
84091
84094
84099
84103
84105
84106
84107
84108
84111
84115
84116
84117
84119
84120
84123
84125
84126
84130
84132
84134
84136
84138
84139
84140
84141
84145
84146
84149
84150
84155
84157
84164
84165
84167
84214
84216
84217
84219
84221
84222
84225
84226
84229
84231
84234
84237
84239
84247
84248
84251
84252
84253
84255
84258
84261
84277
84278
84331
84531
84534
84535
84536
84544
84547
84554
84557
84564
84565
84566
84570
84601
84603
84622
84623
84627
84628
84630
84651
84682
84692
84694
84696
84698
84707
84708
84755
84760
84765
84768
84779
84780
84806
84819
84824
84826
84827
84833
84841
84846
84848
84850
84851
84853
84856
84870
84876
84881
84882
84898
84909
84916
84918
84919
84920
84923
84928
84930
84952
84953
84957
84968
84970
84974
84975
84986
84988
84991
84992
84998
85005
85021
85023
85027
85036
85037
85044
85048
85051
85063
85064
85066
85068
85080
85083
85084
85085
85088
85092
85093
85096
85105
85111
85173
85174
85189
85210
85211
85267
85318
85329
85388
85398
85437
85438
85440
85441
85443
85455
85462
85521
85693
85762
85764
85765
85772
85838
85844
85845
85846
85849
85851
85852
85867
85868
85874
85882
85883
85888
85908
85909
85911
85917
85964
85972
85975
85976
85979
85981
85994
85995
86000
86003
86004
86005
86006
86007
86008
86009
86014
86019
86024
86025
86027
86031
86035
86037
86039
86046
86048
86053
86060
86061
86071
86073
86088
86090
86091
86093
86095
86096
86097
86098
86101
86103
86107
86108
86114
86118
86119
86123
86127
86128
86129
86131
86132
86134
86139
86140
86143
86145
86146
86163
86166
86180
86191
86193
86194
86195
86206
86208
86214
86273
86279
86299
86590
86603
86629
86682
86713
86734
86735
86736
86737
86739
86740
86743
86745
86746
86747
86748
86751
86791
86796
86801
86863
86893
86897
86949
86954
86955
86961
86967
86968
86969
86973
86976
86985
86991
87012
87013
87034
87035
87037
87043
87049
87053
87055
87068
87072
87078
87081
87083
87097
87106
87108
87115
87134
87137
87138
87139
87140
87143
87144
87147
87156
87159
87161
87193
87196
87200
87212
87213
87214
87229
87231
87242
87246
87268
87272
87274
87306
87313
87314
87333
87334
87335
87360
87368
87379
87383
87388
87400
87402
87408
87409
87414
87416
87424
87445
87446
87447
87450
87451
87453
87455
87456
87464
87465
87473
87490
87496
87497
87545
87560
87563
87565
87569
87681
87686
87695
87711
87714
87716
87725
87730
87732
87736
87740
87741
87746
87748
87750
87755
87794
87797
87806
87814
87819
87823
87836
87895
87896
87902
87907
87908
87912
87917
87918
87920
87950
87963
87968
87972
87991
88001
88070
88072
88073
88074
88076
88077
88079
88081
88085
88088
88105
88119
88126
88132
88137
88138
88240
88250
88258
88284
88287
88290
88293
88300
88302
88305
88306
88318
88326
88379
88380
88470
88480
88508
88516
88536
88545
88562
88588
88619
88630
88635
88644
88645
88646
88647
88687
88734
88735
88742
88751
88752
88757
88758
88759
88764
88765
88771
88774
88775
88777
88778
88787
88791
88793
88794
88798
88803
88804
88806
88814
88815
88816
88817
88819
88824
88831
88833
88834
88835
88836
88837
88841
88843
88844
88853
88865
88871
88881
88888
88899
88900
88905
88909
88914
88919
88922
88924
88926
88931
88933
88935
88940
88948
88957
88963
88970
89089
89097
89114
89116
89118
89123
89126
89127
89143
89144
89146
89209
89237
89239
89243
89244
89245
89248
89249
89252
89253
89258
89259
89262
89263
89264
89267
89271
89273
89278
89311
89330
89355
89360
89361
89370
89372
89375
89391
89440
89443
89471
89474
89476
89478
89481
89484
89485
89486
89488
89489
89491
89492
89493
89497
89498
89500
89501
89502
89503
89504
89514
89518
89533
89534
89536
89581
89597
89601
89605
89606
89607
89608
89610
89613
89616
89620
89928
89969
89973
89975
89976
90014
90015
90018
90023
90025
90028
90031
90033
90036
90037
90080
90114
90132
90136
90148
90150
90155
90163
90172
90175
90208
90265
90268
90269
90270
90271
90295
90298
90299
90301
90303
90304
90337
90338
90340
90343
90344
90345
90346
90347
90348
90349
90352
90354
90359
90360
90362
90364
90365
90366
90370
90374
90376
90378
90382
90383
90384
90393
90395
90396
90398
90399
90403
90406
90447
90448
90456
90498
90499
90503
90504
90531
90535
90565
90627
90628
90632
90640
90641
90643
90644
90669
90688
90691
90692
90693
90700
90704
90714
90724
90730
90731
90732
90748
90782
90787
90791
90849
90854
90871
90905
90916
90919
90921
90928
90944
90946
90948
90951
90953
90955
90970
90973
90975
90987
90990
91000
91004
91019
91036
91059
91073
91074
91076
91080
91083
91087
91095
91102
91140
91162
91305
91311
91312
91326
91330
91353
91354
91355
91363
91365
91370
91447
91465
91466
91469
91551
91558
91559
91564
91568
91632
91633
91641
91644
91664
91720
91738
91744
91764
91768
91773
91774
91776
91778
91780
91781
91782
91785
91786
91787
91790
91792
91808
91818
91820
91823
91832
91835
91840
91844
91854
91867
91872
91892
91896
91897
91915
91916
91924
91954
91970
91973
91976
91982
91983
91984
91985
91986
91991
91998
92020
92026
92031
92062
92168
92171
92175
92179
92188
92209
92210
92338
92361
92398
92410
92412
92418
92420
92445
92450
92458
92525
92528
92529
92533
92689
92690
92692
92695
92748
92761
92768
92776
92839
92879
92881
92901
92964
92969
92974
92975
92977
92981
92987
92998
93003
93012
93019
93046
93077
93078
93079
93080
93137
93140
93143
93144
93173
93174
93206
93216
93221
93222
93225
93229
93231
93235
93241
93266
93269
93271
93274
93275
93276
93290
93295
93302
93320
93326
93340
93353
93367
93368
93371
93374
93384
93385
93390
93408
93412
93418
93430
93434
93447
93458
93460
93500
93502
93503
93509
93511
93514
93515
93524
93525
93530
93531
93562
93563
93565
93573
93611
93612
93638
93640
93642
93643
93652
93657
93659
93663
93667
93668
93669
93671
93680
93682
93683
93687
93695
93701
93722
93775
93785
93787
93788
93793
93816
93819
93827
93833
93851
93858
93868
93901
93903
93905
93924
93931
93932
93936
93938
93940
93941
93943
93944
93945
93946
93947
93948
93950
93951
93954
93957
93961
93963
93966
93972
93978
94000
94001
94004
94005
94006
94090
94091
94092
94093
94096
94099
94102
94126
94138
94139
94141
94151
94171
94207
94217
94228
94268
94269
94270
94315
94317
94346
94353
94354
94360
94363
94365
94367
94368
94369
94370
94371
94372
94374
94375
94393
94396
94403
94412
94413
94414
94418
94447
94462
94463
94494
94496
94497
94553
94556
94560
94562
94569
94570
94571
94572
94573
94579
94582
94583
94585
94586
94589
94590
94602
94603
94661
94662
94671
94674
94675
94682
94683
94688
94689
94740
94742
94747
94749
94752
94754
94756
94761
94765
94766
94768
94821
94840
94897
94900
94901
94902
94909
94912
94918
94919
94924
94925
94930
94941
94946
94949
94956
94960
94976
94982
94988
94991
94997
94999
95000
95001
95003
95012
95015
95018
95019
95024
95037
95041
95050
95055
95061
95064
95065
95073
95100
95126
95128
95129
95143
95144
95149
95150
95153
95154
95159
95161
95174
95181
95198
95199
95200
95202
95208
95214
95217
95225
95229
95245
95252
95259
95262
95265
95268
95270
95277
95283
95285
95287
95292
95296
95311
95312
95317
95324
95331
95335
95339
95343
95346
95351
95357
95361
95362
95366
95400
95403
95405
95409
95410
95414
95416
95418
95446
95465
95478
95479
95532
95537
95540
95551
95552
95564
95569
95570
95572
95573
95574
95577
95591
95592
95593
95598
95611
95613
95623
95628
95629
95646
95647
95648
95653
95655
95658
95661
95662
95664
95665
95666
95672
95695
95718
95734
95736
95738
95739
95741
95822
95858
95860
95863
95865
95869
95871
95872
95875
95878
95936
95939
95940
95953
95955
95963
95964
95967
95977
95983
95993
95994
96002
96016
96022
96024
96030
96033
96035
96039
96042
96051
96056
96065
96066
96070
96073
96075
96081
96082
96084
96118
96119
96120
96121
96123
96125
96126
96148
96167
96170
96181
96191
96199
96200
96201
96204
96206
96215
96220
96233
96234
96257
96270
96271
96276
96280
96284
96286
96295
96306
96317
96322
96324
96356
96370
96371
96403
96444
96458
96477
96492
96501
96506
96508
96534
96540
96552
96575
96576
96578
96579
96581
96585
96592
96619
96623
96624
96625
96631
96637
96682
96713
96745
96791
96795
96796
96800
96801
96804
96805
96806
96834
96836
96887
96895
96940
96963
96971
96982
96987
97000
97003
97027
97028
97059
97136
97139
97140
97143
97144
97148
97152
97153
97154
97158
97168
97170
97171
97173
97174
97175
97267
97270
97271
97272
97298
97311
97313
97314
97319
97325
97327
97330
97335
97336
97349
97357
97368
97371
97394
97396
97415
97418
97429
97472
97475
97477
97482
97486
97591
97601
97611
97615
97617
97618
97622
97627
97628
97629
97632
97634
97638
97639
97640
97654
97655
97659
97661
97662
97663
97666
97672
97687
97711
97726
97744
97747
97751
97753
97756
97758
97761
97762
97763
97765
97767
97768
97785
97788
97791
97803
97870
97871
97876
97895
97939
97959
97962
97967
97969
97974
97975
97982
97983
97986
97988
97990
97992
98004
98024
98027
98041
98042
98045
98047
98049
98064
98090
98093
98095
98096
98098
98100
98105
98110
98114
98116
98156
98158
98173
98175
98189
98192
98215
98233
98234
98245
98246
98268
98269
98270
98272
98274
98275
98284
98294
98332
98334
98338
98339
98347
98348
98349
98355
98358
98360
98366
98368
98369
98370
98371
98374
98376
98377
98384
98389
98393
98396
98401
98411
98417
98443
98459
98477
98506
98509
98514
98516
98519
98520
98521
98525
98528
98531
98532
98533
98546
98566
98579
98580
98593
98595
98612
98614
98621
98626
98642
98646
98651
98657
98660
98689
98690
98733
98745
98746
98749
98810
98814
98866
98868
98869
98871
98875
98877
98881
98882
98889
98896
98917
98920
98954
98960
98965
98993
99032
99077
99083
99088
99137
99138
99139
99241
99265
99266
99268
99276
99279
99281
99286
99288
99324
99325
99327
99436
99437
99440
99441
99442
99443
99445
99446
99447
99449
99450
99451
99452
99454
99455
99460
99461
99463
99465
99467
99474
99476
99500
99503
99506
99507
99522
99543
99544
99546
99557
99575
99576
99577
99578
99579
99648
99650
99654
99660
99664
99671
99674
99675
99676
99680
99683
99684
99688
99690
99693
99694
99698
99701
99702
99706
99714
99734
99735
99736
99812
99815
99816
99830
99831
99834
99836
99837
99838
99846
99853
99856
99861
99868
99872
99881
99884
99903
99913
99960
99961
99968
100021
100079
100084
100086
100111
100115
100117
100120
100122
100125
100138
100139
100141
100144
100147
100156
100163
100165
100166
100174
100175
100176
100179
100180
100181
100182
100184
100191
100195
100197
100199
100205
100207
100208
100209
100211
100222
100226
100232
100235
100274
100294
100296
100302
100315
100326
100332
100333
100334
100337
100355
100425
100441
100443
100451
100465
100466
100470
100475
100476
100477
100485
100487
100489
100490
100494
100497
100502
100507
100513
100517
100570
100583
100585
100587
100588
100591
100597
100598
100599
100600
100668
100678
100680
100715
100716
100718
100720
100721
100746
100748
100751
100752
100753
100754
100760
100781
100795
100805
100835
100949
100950
100953
100956
100958
100959
100960
100965
100968
101029
101059
101086
101143
101145
101146
101173
101174
101176
101182
101214
101215
101221
101233
101234
101238
101239
101245
101251
101261
101272
101285
101297
101307
101309
101310
101312
101313
101316
101330
101341
101344
101345
101385
101401
101414
101419
101427
101429
101434
101439
101443
101447
101448
101464
101467
101475
101476
101482
101484
101486
101641
101644
101647
101650
101651
101661
101662
101668
101683
101689
101697
101701
101702
101707
101714
101720
101728
101729
101730
101731
101734
101738
101742
101744
101746
101770
101774
101775
101777
101778
101779
101792
101795
101796
101798
101799
101800
101802
101803
101805
101807
101815
101817
101835
101836
101838
101839
101846
101847
101870
101871
101872
101876
101877
101878
101882
101887
101891
101893
101895
101903
101904
101905
101916
101921
101975
101981
101996
102004
102005
102006
102007
102016
102018
102019
102049
102050
102051
102057
102099
102104
102131
102137
102147
102163
102164
102166
102167
102168
102169
102174
102175
102179
102180
102185
102188
102205
102206
102215
102224
102231
102236
102240
102241
102242
102268
102280
102290
102291
102293
102306
102322
102323
102324
102377
102378
102379
102385
102387
102388
102390
102393
102394
102395
102396
102397
102417
102427
102428
102429
102431
102433
102441
102448
102466
102469
102476
102483
102487
102490
102493
102506
102508
102509
102510
102512
102513
102516
102517
102539
102540
102542
102558
102560
102566
102569
102574
102576
102579
102580
102589
102590
102591
102594
102596
102605
102623
102624
102635
102643
102644
102649
102668
102703
102711
102713
102715
102745
102747
102755
102756
102757
102761
102762
102773
102774
102777
102778
102779
102780
102783
102789
102790
102793
102799
102800
102801
102805
102814
102816
102817
102818
102819
102821
102824
102826
102827
102829
102834
102836
102838
102839
102844
102846
102848
102850
102859
102862
102864
102878
102889
102891
102894
102897
102906
102909
102910
102911
102941
102951
102956
103001
103002
103009
103010
103011
103026
103027
103030
103038
103039
103047
103049
103052
103053
103073
103137
103138
103145
103149
103157
103188
103201
103210
103212
103215
103225
103227
103239
103246
103260
103329
103342
103352
103369
103376
103380
103388
103394
103401
103485
103486
103518
103547
103549
103550
103551
103554
103565
103567
103574
103575
103577
103579
103580
103585
103591
103596
103601
103610
103628
103650
103663
103667
103669
103671
103675
103684
103705
103717
103721
103725
103727
103732
103744
103764
103765
103770
103778
103786
103795
103805
103814
103823
103841
103862
103866
103871
103873
103874
103941
103948
103954
103956
103961
103962
103964
103970
103972
103974
103976
104030
104031
104055
104056
104058
104060
104065
104066
104067
104068
104069
104099
104100
104101
104104
104176
104178
104232
104234
104235
104236
104237
104238
104239
104241
104243
104248
104265
104286
104335
104357
104418
104419
104436
104468
104469
104501
104502
104503
104504
104506
104508
104509
104512
104522
104528
104667
104703
104704
104735
104737
104742
104743
104761
104776
104777
104784
104787
104792
104799
104813
104814
104815
104822
104835
104850
104857
104860
104864
104869
104873
104879
104886
104895
104896
104900
104906
104918
104927
104932
104952
104954
104956
104959
104960
104961
104962
104963
104964
104966
104968
104969
104972
104993
105008
105048
105049
105057
105093
105095
105101
105103
105116
105122
105135
105137
105139
105141
105142
105146
105147
105153
105158
105177
105179
105182
105183
105190
105213
105218
105242
105257
105258
105262
105263
105270
105274
105277
105281
105284
105287
105297
105301
105303
105304
105308
105311
105318
105326
105328
105370
105373
105376
105377
105384
105393
105395
105397
105398
105401
105405
105406
105417
105438
105445
105459
105463
105482
105497
105523
105525
105526
105527
105621
105624
105625
105628
105632
105633
105638
105639
105640
105643
105659
105663
105668
105687
105689
105690
105701
105708
105709
105712
105717
105720
105722
105724
105725
105729
105732
105737
105747
105751
105756
105766
105767
105853
105905
105907
105912
105915
105926
105939
105947
106002
106011
106012
106020
106062
106066
106068
106075
106080
106083
106087
106097
106098
106134
106138
106140
106146
106169
106178
106179
106181
106192
106193
106202
106204
106207
106216
106218
106219
106225
106237
106242
106244
106246
106248
106251
106270
106276
106279
106280
106281
106283
106284
106286
106287
106288
106290
106291
106292
106321
106327
106328
106329
106331
106333
106380
106384
106386
106387
106411
106412
106415
106420
106442
106449
106463
106465
106477
106483
106486
106493
106495
106499
106506
106511
106512
106520
106528
106540
106546
106550
106555
106557
106558
106559
106560
106561
106562
106563
106564
106565
106566
106568
106569
106570
106571
106572
106573
106574
106575
106576
106578
106580
106582
106618
106619
106622
106623
106627
106629
106634
106635
106637
106657
106674
106697
106710
106717
106723
106747
106795
106803
106805
106811
106830
106844
106845
106848
106849
106850
106901
106931
106938
106949
106952
106956
106957
106959
106967
106970
106982
107001
107008
107013
107015
107016
107021
107027
107047
107048
107058
107059
107072
107073
107074
107078
107086
107110
107111
107112
107113
107114
107151
107155
107157
107160
107200
107204
107206
107222
107224
107265
107274
107286
107314
107318
107344
107347
107350
107353
107360
107363
107364
107365
107368
107370
107371
107372
107381
107386
107391
107393
107417
107428
107431
107465
107468
107477
107486
107488
107495
107496
107497
107500
107504
107508
107511
107513
107514
107519
107520
107528
107530
107534
107538
107541
107543
107544
107547
107548
107551
107553
107557
107562
107565
107638
107656
107657
107690
107704
107709
107711
107717
107718
107720
107778
107836
107842
107843
107851
107853
107854
107857
107859
107862
107866
107873
107876
107877
107880
107886
107887
107888
107889
107893
107895
107905
107907
107916
107943
107945
107949
107951
107961
107962
107965
107972
107974
107977
107989
107990
108038
108056
108072
108093
108096
108098
108106
108137
108139
108141
108142
108168
108171
108178
108186
108197
108199
108208
108212
108213
108218
108220
108221
108222
108223
108228
108230
108231
108232
108234
108244
108246
108247
108250
108257
108261
108264
108269
108270
108274
108275
108279
108281
108297
108298
108300
108304
108310
108311
108335
108339
108342
108345
108347
108353
108357
108365
108366
108370
108374
108375
108376
108377
108387
108395
108396
108399
108400
108407
108408
108412
108416
108417
108418
108425
108435
108441
108443
108450
108461
108462
108463
108464
108465
108472
108567
108584
108590
108600
108608
108609
108611
108612
108621
108651
108655
108658
108677
108682
108742
108744
108745
108757
108766
108803
108804
108805
108830
108832
108837
108890
108898
108935
108952
108954
108955
108968
108969
108982
109004
109005
109008
109016
109030
109034
109036
109038
109039
109040
109043
109047
109079
109085
109086
109087
109089
109090
109097
109100
109101
109102
109103
109105
109107
109109
109112
109113
109140
109141
109142
109144
109145
109147
109151
109184
109199
109230
109231
109234
109238
109240
109244
109246
109248
109252
109253
109254
109256
109259
109261
109263
109266
109286
109288
109289
109290
109295
109296
109297
109299
109301
109306
109308
109309
109312
109313
109314
109315
109316
109317
109318
109322
109339
109340
109385
109387
109405
109407
109409
109410
109417
109419
109422
109424
109432
109447
109448
109459
109470
109476
109477
109480
109481
109486
109487
109488
109489
109490
109492
109493
109497
109500
109503
109504
109506
109509
109513
109518
109552
109554
109560
109561
109562
109563
109610
109630
109649
109650
109651
109670
109671
109672
109673
109674
109675
109677
109679
109681
109682
109683
109706
109742
109747
109770
109786
109787
109796
109798
109799
109800
109801
109802
109812
109815
109821
109822
109826
109827
109828
109829
109831
109834
109835
109837
109838
109844
109848
109851
109856
109858
109859
109860
109861
109872
109874
109893
109896
109897
109898
109904
109907
109919
109921
109923
109926
109927
109932
109947
109949
109954
109955
109956
109957
109958
109959
109964
109965
109967
109968
109969
109973
109977
109987
109988
109990
109992
109993
109995
109996
109997
110004
110006
110008
110014
110019
110020
110023
110026
110033
110035
110040
110052
110056
110059
110063
110065
110110
110113
110132
110139
110142
110156
110162
110173
110177
110194
110223
110224
110241
110246
110253
110256
110257
110259
110260
110264
110267
110271
110310
110312
110315
110343
110345
110346
110378
110393
110394
110436
110439
110440
110441
110445
110464
110465
110478
110481
110484
110485
110495
110500
110502
110511
110512
110513
110515
110527
110530
110542
110551
110554
110555
110574
110575
110576
110673
110689
110690
110691
110710
110725
110728
110730
110731
110733
110758
110762
110765
110770
110777
110781
110782
110783
110784
110790
110793
110799
110813
110815
110834
110842
110851
110852
110863
110866
110868
110872
110874
110882
110886
110894
110904
110909
110910
110913
110916
110917
110918
110919
110921
110923
110927
110931
110933
110941
110945
110946
110947
110948
110962
110967
110969
110977
110988
110989
110994
110998
111025
111034
111035
111037
111038
111068
111077
111078
111102
111105
111111
111112
111113
111114
111130
111136
111140
111143
111144
111146
111147
111163
111171
111184
111197
111210
111215
111221
111226
111233
111246
111247
111249
111250
111251
111284
111293
111305
111306
111314
111315
111334
111336
111391
111412
111424
111435
111437
111457
111485
111513
111569
111658
111664
111666
111669
111670
111678
111679
111684
111697
111728
111787
111788
111789
111802
111803
111804
111805
111806
111832
111838
111860
111871
111881
111882
111947
111949
111962
111964
111966
111968
111990
111996
111998
112000
112005
112011
112014
112022
112029
112031
112032
112053
112055
112060
112061
112063
112065
112079
112081
112099
112103
112124
112142
112169
112190
112193
112194
112196
112197
112198
112199
112202
112203
112207
112212
112213
112215
112217
112218
112221
112222
112225
112229
112230
112231
112232
112235
112253
112258
112259
112279
112291
112325
112336
112337
112340
112342
112344
112347
112348
112350
112351
112353
112354
112361
112362
112367
112397
112399
112416
112433
112445
112447
112449
112451
112462
112463
112465
112466
112470
112471
112479
112480
112482
112485
112491
112508
112523
112524
112526
112533
112538
112567
112578
112579
112580
112581
112582
112583
112584
112585
112588
112590
112591
112621
112623
112625
112627
112645
112647
112650
112651
112654
112656
112658
112685
112689
112694
112701
112704
112736
112737
112741
112764
112766
112769
112776
112785
112786
112790
112794
112796
112800
112802
112804
112808
112828
112829
112830
112849
112851
112853
112855
112856
112913
112935
112936
112946
112999
113018
113062
113064
113066
113069
113071
113074
113075
113076
113079
113082
113086
113123
113130
113131
113133
113142
113167
113170
113180
113185
113206
113211
113225
113230
113231
113235
113237
113244
113245
113250
113251
113266
113267
113272
113275
113277
113279
113280
113285
113303
113304
113307
113308
113317
113325
113334
113337
113342
113346
113351
113358
113362
113372
113373
113377
113378
113379
113458
113462
113463
113464
113465
113468
113471
113473
113477
113534
113539
113543
113556
113559
113563
113578
113579
113580
113581
113584
113595
113596
113629
113634
113652
113661
113712
113726
113728
113732
113737
113740
113747
113750
113781
113817
113818
113847
113848
113873
113902
113903
113917
113933
113934
113939
113944
113951
113959
113991
113992
113999
114018
114019
114020
114022
114023
114101
114134
114138
114170
114172
114191
114237
114250
114261
114265
114269
114271
114272
114275
114276
114410
114415
114423
114427
114442
114445
114456
114458
114460
114461
114463
114464
114466
114516
114540
114585
114600
114680
114686
114697
114714
114717
114720
114722
114724
114730
114733
114749
114750
114755
114758
114759
114763
114765
114768
114770
114773
114774
114785
114788
114789
114790
114791
114793
114796
114797
114799
114814
114815
114818
114846
114864
114865
114897
114902
114904
114907
114910
114914
114916
114969
115013
115014
115016
115017
115024
115025
115026
115029
115030
115031
115033
115035
115046
115047
115052
115056
115057
115058
115059
115060
115062
115064
115065
115070
115098
115100
115101
115108
115110
115115
115117
115119
115120
115125
115145
115153
115162
115163
115171
115172
115174
115175
115176
115177
115178
115259
115260
115263
115407
115408
115409
115411
115459
115464
115472
115483
115487
115495
115510
115518
115519
115520
115523
115524
115528
115545
115577
115578
115580
115584
115594
115657
115658
115664
115665
115671
115676
115683
115694
115734
115740
115745
115749
115753
115762
115767
115782
115791
115795
115797
115798
115865
115886
115887
115889
115894
115895
115897
115899
115915
115916
115927
116027
116029
116031
116035
116038
116041
116083
116084
116096
116098
116099
116100
116102
116104
116105
116107
116111
116112
116119
116124
116130
116131
116132
116133
116134
116135
116138
116139
116142
116143
116148
116194
116206
116209
116211
116221
116245
116283
116292
116325
116339
116355
116356
116386
116409
116411
116413
116422
116429
116443
116455
116498
116501
116511
116518
116523
116525
116531
116565
116571
116585
116586
116588
116598
116677
116681
116682
116688
116690
116697
116713
116715
116717
116721
116732
116733
116742
116753
116755
116800
116805
116808
116812
116828
116841
116846
116848
116854
116875
116888
116897
116910
116918
116929
116950
116952
116963
116965
116969
116973
116985
116994
116997
117011
117013
117025
117029
117044
117056
117065
117090
117091
117093
117094
117097
117100
117104
117105
117108
117178
117229
117239
117248
117257
117275
117304
117315
117317
117319
117321
117328
117336
117347
117350
117351
117354
117367
117369
117418
117449
117450
117463
117466
117468
117477
117482
117489
117515
117522
117540
117555
117567
117578
117589
117595
117609
117618
117635
117651
117726
117730
117733
117736
117738
117747
117754
117763
117764
117772
117775
117799
117801
117803
117808
117811
117813
117814
117820
117850
117879
117920
117941
117984
117986
117988
117989
118049
118079
118086
118087
118088
118089
118090
118100
118108
118118
118119
118120
118124
118125
118130
118131
118132
118142
118170
118176
118177
118181
118189
118192
118193
118231
118244
118245
118252
118260
118261
118262
118263
118268
118272
118276
118286
118295
118308
118309
118310
118312
118314
118316
118318
118319
118322
118323
118325
118329
118331
118335
118336
118337
118361
118424
118426
118434
118440
118444
118550
118553
118580
118610
118612
118613
118615
118621
118626
118627
118628
118636
118640
118649
118651
118652
118654
118655
118657
118667
118668
118669
118679
118695
118697
118704
118708
118710
118711
118712
118715
118767
118777
118780
118781
118782
118833
118834
118843
118844
118847
118850
118897
118899
118904
118905
118907
118911
118937
118939
118941
118942
119085
119087
119089
119102
119109
119117
119119
119121
119187
119189
119192
119194
119197
119199
119200
119205
119207
119256
119260
119271
119277
119285
119286
119301
119310
119313
119332
119364
119365
119386
119389
119400
119429
119440
119451
119455
119461
119463
119465
119470
119471
119474
119475
119476
119477
119480
119484
119487
119491
119495
119496
119497
119512
119521
119529
119534
119535
119546
119547
119557
119579
119588
119592
119595
119610
119617
119631
119653
119694
119696
119697
119699
119702
119705
119708
119710
119711
119712
119713
119715
119718
119725
119738
119740
119743
119744
119745
119746
119748
119750
119751
119754
119755
119756
119757
119760
119762
119765
119771
119774
119785
119786
119787
119789
119793
119812
119815
119816
119828
119913
119923
119934
119937
119940
119946
119951
119956
119960
119963
119968
119971
119972
119973
119974
119976
119980
120013
120014
120048
120052
120056
120058
120061
120062
120063
120064
120067
120068
120069
120072
120083
120084
120109
120119
120123
120150
120154
120157
120174
120233
120237
120239
120241
120244
120245
120250
120251
120267
120268
120283
120314
120318
120319
120321
120385
120390
120392
120404
120405
120431
120447
120448
120479
120490
120491
120493
120495
120496
120522
120574
120576
120577
120581
120584
120593
120594
120601
120605
120607
120616
120617
120622
120626
120628
120631
120633
120635
120650
120652
120653
120654
120655
120656
120657
120663
120703
120704
120744
120746
120757
120758
120762
120763
120764
120768
120772
120773
120777
120795
120798
120799
120801
120802
120810
120816
120817
120819
120828
120830
120834
120837
120843
120844
120847
120850
120859
120903
120906
120949
120950
120959
120962
120975
120987
120988
120996
120997
121008
121018
121020
121021
121023
121035
121065
121102
121130
121136
121142
121146
121147
121148
121151
121190
121192
121214
121215
121234
121243
121244
121245
121252
121255
121269
121271
121274
121282
121286
121293
121300
121307
121316
121325
121335
121338
121340
121346
121351
121353
121398
121410
121414
121416
121418
121419
121428
121431
121433
121434
121439
121448
121450
121454
121455
121458
121460
121461
121464
121473
121474
121479
121481
121484
121486
121487
121490
121495
121499
121500
121508
121510
121511
121514
121516
121520
121522
121524
121544
121545
121550
121558
121563
121568
121573
121574
121577
121584
121586
121588
121590
121591
121610
121613
121627
121628
121640
121641
121642
121643
121645
121646
121647
121649
121651
121652
121654
121657
121658
121674
121675
121702
121704
121706
121713
121714
121715
121717
121743
121748
121752
121754
121783
121800
121809
121817
121819
121821
121840
121844
121849
121851
121855
121878
121884
121900
121909
121915
121933
121938
121944
121946
121951
121953
121959
121962
121963
121983
121990
121997
121998
122010
122025
122027
122030
122062
122069
122093
122105
122111
122113
122114
122122
122126
122127
122129
122135
122144
122157
122159
122161
122162
122164
122211
122242
122244
122261
122305
122312
122334
122342
122350
122357
122361
122367
122373
122382
122392
122399
122431
122438
122439
122447
122448
122451
122452
122453
122462
122463
122467
122483
122484
122500
122501
122566
122568
122569
122570
122588
122589
122609
122611
122620
122661
122677
122679
122682
122801
122802
122803
122804
122808
122853
122868
122870
122883
122884
122890
122891
122897
122899
122900
122901
122909
122910
122915
122953
122954
122955
122988
122997
123008
123012
123014
123016
123020
123021
123022
123025
123026
123032
123039
123044
123060
123067
123077
123078
123099
123100
123101
123102
123108
123109
123121
123122
123125
123129
123131
123136
123137
123138
123143
123147
123150
123153
123158
123159
123163
123165
123172
123173
123199
123201
123217
123280
123287
123324
123326
123327
123331
123335
123336
123340
123342
123345
123346
123348
123350
123354
123355
123361
123362
123367
123372
123373
123377
123379
123381
123383
123390
123391
123396
123399
123445
123448
123450
123451
123452
123456
123457
123458
123464
123469
123473
123474
123475
123480
123483
123489
123493
123497
123499
123500
123501
123508
123510
123512
123529
123542
123547
123548
123550
123555
123556
123613
123616
123700
123701
123705
123811
123815
123824
123825
123832
123857
123858
123859
123863
123907
123914
123956
123958
123970
123980
123984
123986
123991
123993
123995
123997
123998
123999
124000
124006
124008
124009
124020
124021
124023
124024
124027
124028
124037
124046
124047
124049
124053
124054
124056
124057
124088
124089
